0    0    0    512    512
0.1    0    0    512    512
0.2    0    0    512    512
0.3    0    0    512    512
0.4    0    0    512    512
0.5    0    0    512    512
0.6    0    0    512    512
0.700000000000001    0    0    512    512
0.800000000000001    0    0    512    512
0.900000000000001    0    0    512    512
1    0    0    512    512
1.09999999999999    0    0    512    512
1.19999999999998    0    0    512    512
1.29999999999997    0    0    512    512
1.39999999999996    0    0    512    512
1.49999999999995    0    0    512    512
1.59999999999993    0    0    512    512
1.69999999999992    0    0    512    512
1.79999999999991    0    0    512    512
1.8999999999999    0    0    512    512
1.99999999999989    0    0    512    512
2.09999999999988    0    0    512    512
2.19999999999987    0    0    512    512
2.29999999999986    0    0    512    512
2.39999999999985    0    0    512    512
2.49999999999984    0    0    512    512
2.59999999999982    0    0    512    512
2.69999999999981    0    0    512    512
2.7999999999998    0    0    512    512
2.89999999999979    0    0    512    512
2.99999999999978    0    0    512    512
3.09999999999977    0    0    512    512
3.19999999999976    0    0    512    512
3.29999999999975    0    0    512    512
3.39999999999974    0    0    512    512
3.49999999999973    0    0    512    512
3.59999999999971    0    0    512    512
3.6999999999997    0    0    512    512
3.79999999999969    0    0    512    512
3.89999999999968    0    0    512    512
3.99999999999967    0    0    512    512
4.0999999999997    0    0    512    512
4.19999999999974    0    0    512    512
4.29999999999977    0    0    512    512
4.3999999999998    0    0    512    512
4.49999999999984    0    0    512    512
4.59999999999987    0    0    512    512
4.6999999999999    0    0    512    512
4.79999999999994    0    0    512    512
4.89999999999997    0    0    512    512
5    0    0    512    512
5.10000000000004    0    0    512    512
5.20000000000007    0    0    512    512
5.3000000000001    0    0    512    512
5.40000000000014    0    0    512    512
5.50000000000017    0    0    512    512
5.6000000000002    0    0    512    512
5.70000000000024    0    0    512    512
5.80000000000027    0    0    512    512
5.90000000000031    0    0    512    512
6.00000000000034    0    0    512    512
6.10000000000037    0    0    512    512
6.20000000000041    0    0    512    512
6.30000000000044    0    0    512    512
6.40000000000047    0    0    512    512
6.50000000000051    0    0    512    512
6.60000000000054    0    0    512    512
6.70000000000057    0    0    512    512
6.80000000000061    0    0    512    512
6.90000000000064    0    0    512    512
7.00000000000067    0    0    512    512
7.10000000000071    0    0    512    512
7.20000000000074    0    0    512    512
7.30000000000077    0    0    512    512
7.40000000000081    0    0    512    512
7.50000000000084    0    0    512    512
7.60000000000087    0    0    512    512
7.70000000000091    0    0    512    512
7.80000000000094    0    0    512    512
7.90000000000097    0    0    512    512
8.00000000000101    0    0    512    512
8.10000000000095    0    0    512    512
8.20000000000089    0    0    512    512
8.30000000000084    0    0    512    512
8.40000000000078    0    0    512    512
8.50000000000073    0    0    512    512
8.60000000000067    0    0    512    512
8.70000000000062    0    0    512    512
8.80000000000056    0    0    512    512
8.90000000000051    0    0    512    512
9.00000000000045    0    0    512    512
9.1000000000004    0    0    512    512
9.20000000000034    0    0    512    512
9.30000000000028    0    0    512    512
9.40000000000023    0    0    512    512
9.50000000000017    0    0    512    512
9.60000000000012    0    0    512    512
9.70000000000006    0    0    512    512
9.80000000000001    0    0    512    512
9.89999999999995    0    0    512    512
9.9999999999999    0    0    512    512
10.0999999999998    0    0    512    512
10.1999999999998    0    0    512    512
10.2999999999997    0    0    512    512
