0    1    1    1
0.1    0.1    1    9.99999999999999
0.2    0.2    1    5
0.3    0.3    1    3.33333333333333
0.4    0.4    1    2.5
0.5    0.5    1    2
0.6    0.6    1    1.66666666666667
0.700000000000001    0.700000000000001    1    1.42857142857143
0.800000000000001    0.800000000000001    1    1.25
0.900000000000001    0.900000000000001    1    1.11111111111111
1    1    1    0.999999999999999
1.09999999999999    1.09999999999999    1    0.909090909090918
1.19999999999998    1.19999999999998    1    0.833333333333348
1.29999999999997    1.29999999999997    1    0.769230769230788
1.39999999999996    1.39999999999996    1    0.714285714285736
1.49999999999995    1.49999999999995    1    0.666666666666691
1.59999999999993    1.59999999999993    1    0.625000000000026
1.69999999999992    1.69999999999992    1    0.588235294117674
1.79999999999991    1.79999999999991    1    0.555555555555583
1.8999999999999    1.8999999999999    1    0.526315789473711
1.99999999999989    1.99999999999989    1    0.500000000000027
2.09999999999988    2.09999999999988    1    0.476190476190503
2.19999999999987    2.19999999999987    1    0.454545454545482
2.29999999999986    2.29999999999986    1    0.434782608695679
2.39999999999985    2.39999999999985    1    0.416666666666693
2.49999999999984    2.49999999999984    1    0.400000000000026
2.59999999999982    2.59999999999982    1    0.384615384615411
2.69999999999981    2.69999999999981    1    0.370370370370396
2.7999999999998    2.7999999999998    1    0.357142857142882
2.89999999999979    2.89999999999979    1    0.344827586206921
2.99999999999978    2.99999999999978    1    0.333333333333358
3.09999999999977    3.09999999999977    1    0.322580645161314
3.19999999999976    3.19999999999976    1    0.312500000000024
3.29999999999975    3.29999999999975    1    0.303030303030326
3.39999999999974    3.39999999999974    1    0.294117647058846
3.49999999999973    3.49999999999973    1    0.285714285714308
3.59999999999971    3.59999999999971    1    0.2777777777778
3.6999999999997    3.6999999999997    1    0.270270270270292
3.79999999999969    3.79999999999969    1    0.263157894736863
3.89999999999968    3.89999999999968    1    0.256410256410277
3.99999999999967    3.99999999999967    1    0.250000000000021
4.0999999999997    4.0999999999997    1    0.243902439024408
4.19999999999974    4.19999999999974    1    0.238095238095253
4.29999999999977    4.29999999999977    1    0.232558139534896
4.3999999999998    4.3999999999998    1    0.227272727272737
4.49999999999984    4.49999999999984    1    0.22222222222223
4.59999999999987    4.59999999999987    1    0.217391304347832
4.6999999999999    4.6999999999999    1    0.212765957446813
4.79999999999994    4.79999999999994    1    0.208333333333336
4.89999999999997    4.89999999999997    1    0.204081632653062
5    5    1    0.2
5.10000000000004    5.10000000000004    1    0.196078431372548
5.20000000000007    5.20000000000007    1    0.19230769230769
5.3000000000001    5.3000000000001    1    0.188679245283015
5.40000000000014    5.40000000000014    1    0.18518518518518
5.50000000000017    5.50000000000017    1    0.181818181818176
5.6000000000002    5.6000000000002    1    0.178571428571422
5.70000000000024    5.70000000000024    1    0.175438596491221
5.80000000000027    5.80000000000027    1    0.17241379310344
5.90000000000031    5.90000000000031    1    0.16949152542372
6.00000000000034    6.00000000000034    1    0.166666666666657
6.10000000000037    6.10000000000037    1    0.163934426229498
6.20000000000041    6.20000000000041    1    0.161290322580635
6.30000000000044    6.30000000000044    1    0.158730158730148
6.40000000000047    6.40000000000047    1    0.156249999999988
6.50000000000051    6.50000000000051    1    0.153846153846142
6.60000000000054    6.60000000000054    1    0.151515151515139
6.70000000000057    6.70000000000057    1    0.149253731343271
6.80000000000061    6.80000000000061    1    0.147058823529399
6.90000000000064    6.90000000000064    1    0.144927536231871
7.00000000000067    7.00000000000067    1    0.142857142857129
7.10000000000071    7.10000000000071    1    0.140845070422521
7.20000000000074    7.20000000000074    1    0.138888888888875
7.30000000000077    7.30000000000077    1    0.136986301369849
7.40000000000081    7.40000000000081    1    0.13513513513512
7.50000000000084    7.50000000000084    1    0.133333333333318
7.60000000000087    7.60000000000087    1    0.131578947368406
7.70000000000091    7.70000000000091    1    0.129870129870115
7.80000000000094    7.80000000000094    1    0.128205128205113
7.90000000000097    7.90000000000097    1    0.126582278480997
8.00000000000101    8.00000000000101    1    0.124999999999984
8.10000000000095    8.10000000000095    1    0.123456790123442
8.20000000000089    8.20000000000089    1    0.121951219512182
8.30000000000084    8.30000000000084    1    0.120481927710831
8.40000000000078    8.40000000000078    1    0.119047619047608
8.50000000000073    8.50000000000073    1    0.117647058823519
8.60000000000067    8.60000000000067    1    0.116279069767433
8.70000000000062    8.70000000000062    1    0.114942528735624
8.80000000000056    8.80000000000056    1    0.113636363636356
8.90000000000051    8.90000000000051    1    0.112359550561791
9.00000000000045    9.00000000000045    1    0.111111111111106
9.1000000000004    9.1000000000004    1    0.109890109890105
9.20000000000034    9.20000000000034    1    0.108695652173909
9.30000000000028    9.30000000000028    1    0.107526881720427
9.40000000000023    9.40000000000023    1    0.106382978723402
9.50000000000017    9.50000000000017    1    0.105263157894735
9.60000000000012    9.60000000000012    1    0.104166666666665
9.70000000000006    9.70000000000006    1    0.103092783505154
9.80000000000001    9.80000000000001    1    0.102040816326531
9.89999999999995    9.89999999999995    1    0.101010101010101
9.9999999999999    9.9999999999999    1    0.100000000000001
10.0999999999998    10.0999999999998    1    0.0990099009901006
10.1999999999998    10.1999999999998    1    0.0980392156862766
10.2999999999997    10.2999999999997    1    0.0970873786407792
