0.556034 0 0 18
1.11207 0 0 62
1.6681 0 0 98
2.22414 0 0 210
2.78017 0 0 350
3.3362 0 0 450
3.89224 0 0 602
4.44827 0 0 762
5.00431 0 0 1142
5.56034 0 0 1250
6.11638 0 0 1458
6.67241 0 0 1814
7.22844 0 0 2178
7.78448 0 0 2498
8.34051 0 0 2622
8.89655 0 0 3338
9.45258 0 0 3722
10.0086 0 0 4170
10.5646 0 0 4358
11.1207 0 0 5034
11.6767 0 0 5714
12.2328 0 0 5982
12.7888 0 0 6602
13.3448 0 0 7130
13.9009 0 0 8034
14.4569 0 0 8606
15.0129 0 0 9066
15.569 0 0 9962
16.125 0 0 10550
16.681 0 0 11226
17.2371 0 0 12146
17.7931 0 0 12606
18.3491 0 0 13802
18.9052 0 0 14754
19.4612 0 0 15194
20.0172 0 0 16454
20.5733 0 0 17154
21.1293 0 0 18266
21.6853 0 0 18750
22.2414 0 0 20234
22.7974 0 0 21450
23.3534 0 0 21962
23.9095 0 0 23462
24.4655 0 0 24042
25.0215 0 0 25946
25.5776 0 0 26118
26.1336 0 0 27506
26.6896 0 0 29066
27.2457 0 0 30450
27.8017 0 0 31742
28.3577 0 0 32250
28.9138 0 0 34250
29.4698 0 0 35454
30.0258 0 0 36434
30.5819 0 0 37682
31.1379 0 0 39294
31.6939 0 0 41426
32.25 0 0 42066
32.806 0 0 43490
33.362 0 0 45702
33.9181 0 0 46634
34.4741 0 0 48554
35.0301 0 0 48870
35.5862 0 0 50963
36.1422 0 0 51576
36.6983 0 0 49316
37.2543 0 0 49344
37.8103 0 0 47192
38.3664 0 0 47576
38.9224 0 0 45348
39.4784 0 0 44060
40.0345 0 0 43872
40.5905 0 0 41756
41.1465 0 0 41528
41.7026 0 0 39300
42.2586 0 0 38276
42.8146 0 0 36900
43.3707 0 0 34724
43.9267 0 0 33960
44.4827 0 0 32144
45.0388 0 0 30704
45.5948 0 0 28896
46.1508 0 0 26924
46.7069 0 0 25656
47.2629 0 0 23228
47.8189 0 0 21816
48.375 0 0 19472
48.931 0 0 17696
49.487 0 0 15588
50.0431 0 0 13760
50.5991 0 0 11565
51.1551 0 0 10016
51.7112 0 0 8652
52.2672 0 0 7652
52.8232 0 0 6542
53.3793 0 0 5478
53.9353 0 0 4886
54.4913 0 0 4068
55.0474 0 0 3326
55.6034 0 0 2696
56.1594 0 0 2304
56.7155 0 0 1934
57.2715 0 0 1344
57.8275 0 0 848
58.3836 0 0 888
58.9396 0 0 584
59.4956 0 0 344
60.0517 0 0 102
60.6077 0 0 104
61.1638 0 0 25


0.556034 0 0 18
1.11207 0 0 62
1.6681 0 0 98
2.22414 0 0 210
2.78017 0 0 350
3.3362 0 0 450
3.89224 0 0 602
4.44827 0 0 762
5.00431 0 0 1142
5.56034 0 0 1250
6.11638 0 0 1458
6.67241 0 0 1814
7.22844 0 0 2178
7.78448 0 0 2498
8.34051 0 0 2622
8.89655 0 0 3338
9.45258 0 0 3722
10.0086 0 0 4170
10.5646 0 0 4358
11.1207 0 0 5034
11.6767 0 0 5714
12.2328 0 0 5982
12.7888 0 0 6602
13.3448 0 0 7130
13.9009 0 0 8034
14.4569 0 0 8606
15.0129 0 0 9066
15.569 0 0 9962
16.125 0 0 10550
16.681 0 0 11226
17.2371 0 0 12146
17.7931 0 0 12606
18.3491 0 0 13802
18.9052 0 0 14754
19.4612 0 0 15194
20.0172 0 0 16454
20.5733 0 0 17154
21.1293 0 0 18266
21.6853 0 0 18750
22.2414 0 0 20234
22.7974 0 0 21450
23.3534 0 0 21962
23.9095 0 0 23462
24.4655 0 0 24042
25.0215 0 0 25946
25.5776 0 0 26118
26.1336 0 0 27506
26.6896 0 0 29066
27.2457 0 0 30450
27.8017 0 0 31742
28.3577 0 0 32250
28.9138 0 0 34250
29.4698 0 0 35454
30.0258 0 0 36434
30.5819 0 0 37682
31.1379 0 0 39294
31.6939 0 0 41426
32.25 0 0 42066
32.806 0 0 43490
33.362 0 0 45702
33.9181 0 0 46634
34.4741 0 0 48554
35.0301 0 0 48870
35.5862 0 0 50963
36.1422 0 0 51576
36.6983 0 0 49316
37.2543 0 0 49344
37.8103 0 0 47192
38.3664 0 0 47576
38.9224 0 0 45348
39.4784 0 0 44060
40.0345 0 0 43872
40.5905 0 0 41756
41.1465 0 0 41528
41.7026 0 0 39300
42.2586 0 0 38276
42.8146 0 0 36900
43.3707 0 0 34724
43.9267 0 0 33960
44.4827 0 0 32144
45.0388 0 0 30704
45.5948 0 0 28896
46.1508 0 0 26924
46.7069 0 0 25656
47.2629 0 0 23228
47.8189 0 0 21816
48.375 0 0 19472
48.931 0 0 17696
49.487 0 0 15588
50.0431 0 0 13760
50.5991 0 0 11565
51.1551 0 0 10016
51.7112 0 0 8652
52.2672 0 0 7652
52.8232 0 0 6542
53.3793 0 0 5478
53.9353 0 0 4886
54.4913 0 0 4068
55.0474 0 0 3326
55.6034 0 0 2696
56.1594 0 0 2304
56.7155 0 0 1934
57.2715 0 0 1344
57.8275 0 0 848
58.3836 0 0 888
58.9396 0 0 584
59.4956 0 0 344
60.0517 0 0 102
60.6077 0 0 104
61.1638 0 0 25


0.556034 0 0 18
1.11207 0 0 62
1.6681 0 0 98
2.22414 0 0 210
2.78017 0 0 350
3.3362 0 0 450
3.89224 0 0 602
4.44827 0 0 762
5.00431 0 0 1142
5.56034 0 0 1250
6.11638 0 0 1458
6.67241 0 0 1814
7.22844 0 0 2178
7.78448 0 0 2498
8.34051 0 0 2622
8.89655 0 0 3338
9.45258 0 0 3722
10.0086 0 0 4170
10.5646 0 0 4358
11.1207 0 0 5034
11.6767 0 0 5714
12.2328 0 0 5982
12.7888 0 0 6602
13.3448 0 0 7130
13.9009 0 0 8034
14.4569 0 0 8606
15.0129 0 0 9066
15.569 0 0 9962
16.125 0 0 10550
16.681 0 0 11226
17.2371 0 0 12146
17.7931 0 0 12606
18.3491 0 0 13802
18.9052 0 0 14754
19.4612 0 0 15194
20.0172 0 0 16454
20.5733 0 0 17154
21.1293 0 0 18266
21.6853 0 0 18750
22.2414 0 0 20234
22.7974 0 0 21450
23.3534 0 0 21962
23.9095 0 0 23462
24.4655 0 0 24042
25.0215 0 0 25946
25.5776 0 0 26118
26.1336 0 0 27506
26.6896 0 0 29066
27.2457 0 0 30450
27.8017 0 0 31742
28.3577 0 0 32250
28.9138 0 0 34250
29.4698 0 0 35454
30.0258 0 0 36434
30.5819 0 0 37682
31.1379 0 0 39294
31.6939 0 0 41426
32.25 0 0 42066
32.806 0 0 43490
33.362 0 0 45702
33.9181 0 0 46634
34.4741 0 0 48554
35.0301 0 0 48870
35.5862 0 0 50963
36.1422 0 0 51576
36.6983 0 0 49316
37.2543 0 0 49344
37.8103 0 0 47192
38.3664 0 0 47576
38.9224 0 0 45348
39.4784 0 0 44060
40.0345 0 0 43872
40.5905 0 0 41756
41.1465 0 0 41528
41.7026 0 0 39300
42.2586 0 0 38276
42.8146 0 0 36900
43.3707 0 0 34724
43.9267 0 0 33960
44.4827 0 0 32144
45.0388 0 0 30704
45.5948 0 0 28896
46.1508 0 0 26924
46.7069 0 0 25656
47.2629 0 0 23228
47.8189 0 0 21816
48.375 0 0 19472
48.931 0 0 17696
49.487 0 0 15588
50.0431 0 0 13760
50.5991 0 0 11565
51.1551 0 0 10016
51.7112 0 0 8652
52.2672 0 0 7652
52.8232 0 0 6542
53.3793 0 0 5478
53.9353 0 0 4886
54.4913 0 0 4068
55.0474 0 0 3326
55.6034 0 0 2696
56.1594 0 0 2304
56.7155 0 0 1934
57.2715 0 0 1344
57.8275 0 0 848
58.3836 0 0 888
58.9396 0 0 584
59.4956 0 0 344
60.0517 0 0 102
60.6077 0 0 104
61.1638 0 0 25


0.556034 0 0 18
1.11207 0 0 62
1.6681 0 0 98
2.22414 0 0 210
2.78017 0 0 350
3.3362 0 0 450
3.89224 0 0 602
4.44827 0 0 762
5.00431 0 0 1142
5.56034 0 0 1250
6.11638 0 0 1458
6.67241 0 0 1814
7.22844 0 0 2178
7.78448 0 0 2498
8.34051 0 0 2622
8.89655 0 0 3338
9.45258 0 0 3722
10.0086 0 0 4170
10.5646 0 0 4358
11.1207 0 0 5034
11.6767 0 0 5714
12.2328 0 0 5982
12.7888 0 0 6602
13.3448 0 0 7130
13.9009 0 0 8034
14.4569 0 0 8606
15.0129 0 0 9066
15.569 0 0 9962
16.125 0 0 10550
16.681 0 0 11226
17.2371 0 0 12146
17.7931 0 0 12606
18.3491 0 0 13802
18.9052 0 0 14754
19.4612 0 0 15194
20.0172 0 0 16454
20.5733 0 0 17154
21.1293 0 0 18266
21.6853 0 0 18750
22.2414 0 0 20234
22.7974 0 0 21450
23.3534 0 0 21962
23.9095 0 0 23462
24.4655 0 0 24042
25.0215 0 0 25946
25.5776 0 0 26118
26.1336 0 0 27506
26.6896 0 0 29066
27.2457 0 0 30450
27.8017 0 0 31742
28.3577 0 0 32250
28.9138 0 0 34250
29.4698 0 0 35454
30.0258 0 0 36434
30.5819 0 0 37682
31.1379 0 0 39294
31.6939 0 0 41426
32.25 0 0 42066
32.806 0 0 43490
33.362 0 0 45702
33.9181 0 0 46634
34.4741 0 0 48554
35.0301 0 0 48870
35.5862 0 0 50963
36.1422 0 0 51576
36.6983 0 0 49316
37.2543 0 0 49344
37.8103 0 0 47192
38.3664 0 0 47576
38.9224 0 0 45348
39.4784 0 0 44060
40.0345 0 0 43872
40.5905 0 0 41756
41.1465 0 0 41528
41.7026 0 0 39300
42.2586 0 0 38276
42.8146 0 0 36900
43.3707 0 0 34724
43.9267 0 0 33960
44.4827 0 0 32144
45.0388 0 0 30704
45.5948 0 0 28896
46.1508 0 0 26924
46.7069 0 0 25656
47.2629 0 0 23228
47.8189 0 0 21816
48.375 0 0 19472
48.931 0 0 17696
49.487 0 0 15588
50.0431 0 0 13760
50.5991 0 0 11565
51.1551 0 0 10016
51.7112 0 0 8652
52.2672 0 0 7652
52.8232 0 0 6542
53.3793 0 0 5478
53.9353 0 0 4886
54.4913 0 0 4068
55.0474 0 0 3326
55.6034 0 0 2696
56.1594 0 0 2304
56.7155 0 0 1934
57.2715 0 0 1344
57.8275 0 0 848
58.3836 0 0 888
58.9396 0 0 584
59.4956 0 0 344
60.0517 0 0 102
60.6077 0 0 104
61.1638 0 0 25


0.556034 0 0 18
1.11207 0 0 62
1.6681 0 0 98
2.22414 0 0 210
2.78017 0 0 350
3.3362 0 0 450
3.89224 0 0 602
4.44827 0 0 762
5.00431 0 0 1142
5.56034 0 0 1250
6.11638 0 0 1458
6.67241 0 0 1814
7.22844 0 0 2178
7.78448 0 0 2498
8.34051 0 0 2622
8.89655 0 0 3338
9.45258 0 0 3722
10.0086 0 0 4170
10.5646 0 0 4358
11.1207 0 0 5034
11.6767 0 0 5714
12.2328 0 0 5982
12.7888 0 0 6602
13.3448 0 0 7130
13.9009 0 0 8034
14.4569 0 0 8606
15.0129 0 0 9066
15.569 0 0 9962
16.125 0 0 10550
16.681 0 0 11226
17.2371 0 0 12146
17.7931 0 0 12606
18.3491 0 0 13802
18.9052 0 0 14754
19.4612 0 0 15194
20.0172 0 0 16454
20.5733 0 0 17154
21.1293 0 0 18266
21.6853 0 0 18750
22.2414 0 0 20234
22.7974 0 0 21450
23.3534 0 0 21962
23.9095 0 0 23462
24.4655 0 0 24042
25.0215 0 0 25946
25.5776 0 0 26118
26.1336 0 0 27506
26.6896 0 0 29066
27.2457 0 0 30450
27.8017 0 0 31742
28.3577 0 0 32250
28.9138 0 0 34250
29.4698 0 0 35454
30.0258 0 0 36434
30.5819 0 0 37682
31.1379 0 0 39294
31.6939 0 0 41426
32.25 0 0 42066
32.806 0 0 43490
33.362 0 0 45702
33.9181 0 0 46634
34.4741 0 0 48554
35.0301 0 0 48870
35.5862 0 0 50963
36.1422 0 0 51576
36.6983 0 0 49316
37.2543 0 0 49344
37.8103 0 0 47192
38.3664 0 0 47576
38.9224 0 0 45348
39.4784 0 0 44060
40.0345 0 0 43872
40.5905 0 0 41756
41.1465 0 0 41528
41.7026 0 0 39300
42.2586 0 0 38276
42.8146 0 0 36900
43.3707 0 0 34724
43.9267 0 0 33960
44.4827 0 0 32144
45.0388 0 0 30704
45.5948 0 0 28896
46.1508 0 0 26924
46.7069 0 0 25656
47.2629 0 0 23228
47.8189 0 0 21816
48.375 0 0 19472
48.931 0 0 17696
49.487 0 0 15588
50.0431 0 0 13760
50.5991 0 0 11565
51.1551 0 0 10016
51.7112 0 0 8652
52.2672 0 0 7652
52.8232 0 0 6542
53.3793 0 0 5478
53.9353 0 0 4886
54.4913 0 0 4068
55.0474 0 0 3326
55.6034 0 0 2696
56.1594 0 0 2304
56.7155 0 0 1934
57.2715 0 0 1344
57.8275 0 0 848
58.3836 0 0 888
58.9396 0 0 584
59.4956 0 0 344
60.0517 0 0 102
60.6077 0 0 104
61.1638 0 0 25


0.556034 0 0 18
1.11207 0 0 62
1.6681 0 0 98
2.22414 0 0 210
2.78017 0 0 350
3.3362 0 0 450
3.89224 0 0 602
4.44827 0 0 762
5.00431 0 0 1142
5.56034 0 0 1250
6.11638 0 0 1458
6.67241 0 0 1814
7.22844 0 0 2178
7.78448 0 0 2498
8.34051 0 0 2622
8.89655 0 0 3338
9.45258 0 0 3722
10.0086 0 0 4170
10.5646 0 0 4358
11.1207 0 0 5034
11.6767 0 0 5714
12.2328 0 0 5982
12.7888 0 0 6602
13.3448 0 0 7130
13.9009 0 0 8034
14.4569 0 0 8606
15.0129 0 0 9066
15.569 0 0 9962
16.125 0 0 10550
16.681 0 0 11226
17.2371 0 0 12146
17.7931 0 0 12606
18.3491 0 0 13802
18.9052 0 0 14754
19.4612 0 0 15194
20.0172 0 0 16454
20.5733 0 0 17154
21.1293 0 0 18266
21.6853 0 0 18750
22.2414 0 0 20234
22.7974 0 0 21450
23.3534 0 0 21962
23.9095 0 0 23462
24.4655 0 0 24042
25.0215 0 0 25946
25.5776 0 0 26118
26.1336 0 0 27506
26.6896 0 0 29066
27.2457 0 0 30450
27.8017 0 0 31742
28.3577 0 0 32250
28.9138 0 0 34250
29.4698 0 0 35454
30.0258 0 0 36434
30.5819 0 0 37682
31.1379 0 0 39294
31.6939 0 0 41426
32.25 0 0 42066
32.806 0 0 43490
33.362 0 0 45702
33.9181 0 0 46634
34.4741 0 0 48554
35.0301 0 0 48870
35.5862 0 0 50963
36.1422 0 0 51576
36.6983 0 0 49316
37.2543 0 0 49344
37.8103 0 0 47192
38.3664 0 0 47576
38.9224 0 0 45348
39.4784 0 0 44060
40.0345 0 0 43872
40.5905 0 0 41756
41.1465 0 0 41528
41.7026 0 0 39300
42.2586 0 0 38276
42.8146 0 0 36900
43.3707 0 0 34724
43.9267 0 0 33960
44.4827 0 0 32144
45.0388 0 0 30704
45.5948 0 0 28896
46.1508 0 0 26924
46.7069 0 0 25656
47.2629 0 0 23228
47.8189 0 0 21816
48.375 0 0 19472
48.931 0 0 17696
49.487 0 0 15588
50.0431 0 0 13760
50.5991 0 0 11565
51.1551 0 0 10016
51.7112 0 0 8652
52.2672 0 0 7652
52.8232 0 0 6542
53.3793 0 0 5478
53.9353 0 0 4886
54.4913 0 0 4068
55.0474 0 0 3326
55.6034 0 0 2696
56.1594 0 0 2304
56.7155 0 0 1934
57.2715 0 0 1344
57.8275 0 0 848
58.3836 0 0 888
58.9396 0 0 584
59.4956 0 0 344
60.0517 0 0 102
60.6077 0 0 104
61.1638 0 0 25


0.556034 0 0 18
1.11207 0 0 62
1.6681 0 0 98
2.22414 0 0 210
2.78017 0 0 350
3.3362 0 0 450
3.89224 0 0 602
4.44827 0 0 762
5.00431 0 0 1142
5.56034 0 0 1250
6.11638 0 0 1458
6.67241 0 0 1814
7.22844 0 0 2178
7.78448 0 0 2498
8.34051 0 0 2622
8.89655 0 0 3338
9.45258 0 0 3722
10.0086 0 0 4170
10.5646 0 0 4358
11.1207 0 0 5034
11.6767 0 0 5714
12.2328 0 0 5982
12.7888 0 0 6602
13.3448 0 0 7130
13.9009 0 0 8034
14.4569 0 0 8606
15.0129 0 0 9066
15.569 0 0 9962
16.125 0 0 10550
16.681 0 0 11226
17.2371 0 0 12146
17.7931 0 0 12606
18.3491 0 0 13802
18.9052 0 0 14754
19.4612 0 0 15194
20.0172 0 0 16454
20.5733 0 0 17154
21.1293 0 0 18266
21.6853 0 0 18750
22.2414 0 0 20234
22.7974 0 0 21450
23.3534 0 0 21962
23.9095 0 0 23462
24.4655 0 0 24042
25.0215 0 0 25946
25.5776 0 0 26118
26.1336 0 0 27506
26.6896 0 0 29066
27.2457 0 0 30450
27.8017 0 0 31742
28.3577 0 0 32250
28.9138 0 0 34250
29.4698 0 0 35454
30.0258 0 0 36434
30.5819 0 0 37682
31.1379 0 0 39294
31.6939 0 0 41426
32.25 0 0 42066
32.806 0 0 43490
33.362 0 0 45702
33.9181 0 0 46634
34.4741 0 0 48554
35.0301 0 0 48870
35.5862 0 0 50963
36.1422 0 0 51576
36.6983 0 0 49316
37.2543 0 0 49344
37.8103 0 0 47192
38.3664 0 0 47576
38.9224 0 0 45348
39.4784 0 0 44060
40.0345 0 0 43872
40.5905 0 0 41756
41.1465 0 0 41528
41.7026 0 0 39300
42.2586 0 0 38276
42.8146 0 0 36900
43.3707 0 0 34724
43.9267 0 0 33960
44.4827 0 0 32144
45.0388 0 0 30704
45.5948 0 0 28896
46.1508 0 0 26924
46.7069 0 0 25656
47.2629 0 0 23228
47.8189 0 0 21816
48.375 0 0 19472
48.931 0 0 17696
49.487 0 0 15588
50.0431 0 0 13760
50.5991 0 0 11565
51.1551 0 0 10016
51.7112 0 0 8652
52.2672 0 0 7652
52.8232 0 0 6542
53.3793 0 0 5478
53.9353 0 0 4886
54.4913 0 0 4068
55.0474 0 0 3326
55.6034 0 0 2696
56.1594 0 0 2304
56.7155 0 0 1934
57.2715 0 0 1344
57.8275 0 0 848
58.3836 0 0 888
58.9396 0 0 584
59.4956 0 0 344
60.0517 0 0 102
60.6077 0 0 104
61.1638 0 0 25


0.556034 0 0 18
1.11207 0 0 62
1.6681 0 0 98
2.22414 0 0 210
2.78017 0 0 350
3.3362 0 0 450
3.89224 0 0 602
4.44827 0 0 762
5.00431 0 0 1142
5.56034 0 0 1250
6.11638 0 0 1458
6.67241 0 0 1814
7.22844 0 0 2178
7.78448 0 0 2498
8.34051 0 0 2622
8.89655 0 0 3338
9.45258 0 0 3722
10.0086 0 0 4170
10.5646 0 0 4358
11.1207 0 0 5034
11.6767 0 0 5714
12.2328 0 0 5982
12.7888 0 0 6602
13.3448 0 0 7130
13.9009 0 0 8034
14.4569 0 0 8606
15.0129 0 0 9066
15.569 0 0 9962
16.125 0 0 10550
16.681 0 0 11226
17.2371 0 0 12146
17.7931 0 0 12606
18.3491 0 0 13802
18.9052 0 0 14754
19.4612 0 0 15194
20.0172 0 0 16454
20.5733 0 0 17154
21.1293 0 0 18266
21.6853 0 0 18750
22.2414 0 0 20234
22.7974 0 0 21450
23.3534 0 0 21962
23.9095 0 0 23462
24.4655 0 0 24042
25.0215 0 0 25946
25.5776 0 0 26118
26.1336 0 0 27506
26.6896 0 0 29066
27.2457 0 0 30450
27.8017 0 0 31742
28.3577 0 0 32250
28.9138 0 0 34250
29.4698 0 0 35454
30.0258 0 0 36434
30.5819 0 0 37682
31.1379 0 0 39294
31.6939 0 0 41426
32.25 0 0 42066
32.806 0 0 43490
33.362 0 0 45702
33.9181 0 0 46634
34.4741 0 0 48554
35.0301 0 0 48870
35.5862 0 0 50963
36.1422 0 0 51576
36.6983 0 0 49316
37.2543 0 0 49344
37.8103 0 0 47192
38.3664 0 0 47576
38.9224 0 0 45348
39.4784 0 0 44060
40.0345 0 0 43872
40.5905 0 0 41756
41.1465 0 0 41528
41.7026 0 0 39300
42.2586 0 0 38276
42.8146 0 0 36900
43.3707 0 0 34724
43.9267 0 0 33960
44.4827 0 0 32144
45.0388 0 0 30704
45.5948 0 0 28896
46.1508 0 0 26924
46.7069 0 0 25656
47.2629 0 0 23228
47.8189 0 0 21816
48.375 0 0 19472
48.931 0 0 17696
49.487 0 0 15588
50.0431 0 0 13760
50.5991 0 0 11565
51.1551 0 0 10016
51.7112 0 0 8652
52.2672 0 0 7652
52.8232 0 0 6542
53.3793 0 0 5478
53.9353 0 0 4886
54.4913 0 0 4068
55.0474 0 0 3326
55.6034 0 0 2696
56.1594 0 0 2304
56.7155 0 0 1934
57.2715 0 0 1344
57.8275 0 0 848
58.3836 0 0 888
58.9396 0 0 584
59.4956 0 0 344
60.0517 0 0 102
60.6077 0 0 104
61.1638 0 0 25


0.556034 0 0 18
1.11207 0 0 62
1.6681 0 0 98
2.22414 0 0 210
2.78017 0 0 350
3.3362 0 0 450
3.89224 0 0 602
4.44827 0 0 762
5.00431 0 0 1142
5.56034 0 0 1250
6.11638 0 0 1458
6.67241 0 0 1814
7.22844 0 0 2178
7.78448 0 0 2498
8.34051 0 0 2622
8.89655 0 0 3338
9.45258 0 0 3722
10.0086 0 0 4170
10.5646 0 0 4358
11.1207 0 0 5034
11.6767 0 0 5714
12.2328 0 0 5982
12.7888 0 0 6602
13.3448 0 0 7130
13.9009 0 0 8034
14.4569 0 0 8606
15.0129 0 0 9066
15.569 0 0 9962
16.125 0 0 10550
16.681 0 0 11226
17.2371 0 0 12146
17.7931 0 0 12606
18.3491 0 0 13802
18.9052 0 0 14754
19.4612 0 0 15194
20.0172 0 0 16454
20.5733 0 0 17154
21.1293 0 0 18266
21.6853 0 0 18750
22.2414 0 0 20234
22.7974 0 0 21450
23.3534 0 0 21962
23.9095 0 0 23462
24.4655 0 0 24042
25.0215 0 0 25946
25.5776 0 0 26118
26.1336 0 0 27506
26.6896 0 0 29066
27.2457 0 0 30450
27.8017 0 0 31742
28.3577 0 0 32250
28.9138 0 0 34250
29.4698 0 0 35454
30.0258 0 0 36434
30.5819 0 0 37682
31.1379 0 0 39294
31.6939 0 0 41426
32.25 0 0 42066
32.806 0 0 43490
33.362 0 0 45702
33.9181 0 0 46634
34.4741 0 0 48554
35.0301 0 0 48870
35.5862 0 0 50963
36.1422 0 0 51576
36.6983 0 0 49316
37.2543 0 0 49344
37.8103 0 0 47192
38.3664 0 0 47576
38.9224 0 0 45348
39.4784 0 0 44060
40.0345 0 0 43872
40.5905 0 0 41756
41.1465 0 0 41528
41.7026 0 0 39300
42.2586 0 0 38276
42.8146 0 0 36900
43.3707 0 0 34724
43.9267 0 0 33960
44.4827 0 0 32144
45.0388 0 0 30704
45.5948 0 0 28896
46.1508 0 0 26924
46.7069 0 0 25656
47.2629 0 0 23228
47.8189 0 0 21816
48.375 0 0 19472
48.931 0 0 17696
49.487 0 0 15588
50.0431 0 0 13760
50.5991 0 0 11565
51.1551 0 0 10016
51.7112 0 0 8652
52.2672 0 0 7652
52.8232 0 0 6542
53.3793 0 0 5478
53.9353 0 0 4886
54.4913 0 0 4068
55.0474 0 0 3326
55.6034 0 0 2696
56.1594 0 0 2304
56.7155 0 0 1934
57.2715 0 0 1344
57.8275 0 0 848
58.3836 0 0 888
58.9396 0 0 584
59.4956 0 0 344
60.0517 0 0 102
60.6077 0 0 104
61.1638 0 0 25


0.556034 0 0 18
1.11207 0 0 62
1.6681 0 0 98
2.22414 0 0 210
2.78017 0 0 350
3.3362 0 0 450
3.89224 0 0 602
4.44827 0 0 762
5.00431 0 0 1142
5.56034 0 0 1250
6.11638 0 0 1458
6.67241 0 0 1814
7.22844 0 0 2178
7.78448 0 0 2498
8.34051 0 0 2622
8.89655 0 0 3338
9.45258 0 0 3722
10.0086 0 0 4170
10.5646 0 0 4358
11.1207 0 0 5034
11.6767 0 0 5714
12.2328 0 0 5982
12.7888 0 0 6602
13.3448 0 0 7130
13.9009 0 0 8034
14.4569 0 0 8606
15.0129 0 0 9066
15.569 0 0 9962
16.125 0 0 10550
16.681 0 0 11226
17.2371 0 0 12146
17.7931 0 0 12606
18.3491 0 0 13802
18.9052 0 0 14754
19.4612 0 0 15194
20.0172 0 0 16454
20.5733 0 0 17154
21.1293 0 0 18266
21.6853 0 0 18750
22.2414 0 0 20234
22.7974 0 0 21450
23.3534 0 0 21962
23.9095 0 0 23462
24.4655 0 0 24042
25.0215 0 0 25946
25.5776 0 0 26118
26.1336 0 0 27506
26.6896 0 0 29066
27.2457 0 0 30450
27.8017 0 0 31742
28.3577 0 0 32250
28.9138 0 0 34250
29.4698 0 0 35454
30.0258 0 0 36434
30.5819 0 0 37682
31.1379 0 0 39294
31.6939 0 0 41426
32.25 0 0 42066
32.806 0 0 43490
33.362 0 0 45702
33.9181 0 0 46634
34.4741 0 0 48554
35.0301 0 0 48870
35.5862 0 0 50963
36.1422 0 0 51576
36.6983 0 0 49316
37.2543 0 0 49344
37.8103 0 0 47192
38.3664 0 0 47576
38.9224 0 0 45348
39.4784 0 0 44060
40.0345 0 0 43872
40.5905 0 0 41756
41.1465 0 0 41528
41.7026 0 0 39300
42.2586 0 0 38276
42.8146 0 0 36900
43.3707 0 0 34724
43.9267 0 0 33960
44.4827 0 0 32144
45.0388 0 0 30704
45.5948 0 0 28896
46.1508 0 0 26924
46.7069 0 0 25656
47.2629 0 0 23228
47.8189 0 0 21816
48.375 0 0 19472
48.931 0 0 17696
49.487 0 0 15588
50.0431 0 0 13760
50.5991 0 0 11565
51.1551 0 0 10016
51.7112 0 0 8652
52.2672 0 0 7652
52.8232 0 0 6542
53.3793 0 0 5478
53.9353 0 0 4886
54.4913 0 0 4068
55.0474 0 0 3326
55.6034 0 0 2696
56.1594 0 0 2304
56.7155 0 0 1934
57.2715 0 0 1344
57.8275 0 0 848
58.3836 0 0 888
58.9396 0 0 584
59.4956 0 0 344
60.0517 0 0 102
60.6077 0 0 104
61.1638 0 0 25


0.556034 0 0 18
1.11207 0 0 62
1.6681 0 0 98
2.22414 0 0 210
2.78017 0 0 350
3.3362 0 0 450
3.89224 0 0 602
4.44827 0 0 762
5.00431 0 0 1142
5.56034 0 0 1250
6.11638 0 0 1458
6.67241 0 0 1814
7.22844 0 0 2178
7.78448 0 0 2498
8.34051 0 0 2622
8.89655 0 0 3338
9.45258 0 0 3722
10.0086 0 0 4170
10.5646 0 0 4358
11.1207 0 0 5034
11.6767 0 0 5714
12.2328 0 0 5982
12.7888 0 0 6602
13.3448 0 0 7130
13.9009 0 0 8034
14.4569 0 0 8606
15.0129 0 0 9066
15.569 0 0 9962
16.125 0 0 10550
16.681 0 0 11226
17.2371 0 0 12146
17.7931 0 0 12606
18.3491 0 0 13802
18.9052 0 0 14754
19.4612 0 0 15194
20.0172 0 0 16454
20.5733 0 0 17154
21.1293 0 0 18266
21.6853 0 0 18750
22.2414 0 0 20234
22.7974 0 0 21450
23.3534 0 0 21962
23.9095 0 0 23462
24.4655 0 0 24042
25.0215 0 0 25946
25.5776 0 0 26118
26.1336 0 0 27506
26.6896 0 0 29066
27.2457 0 0 30450
27.8017 0 0 31742
28.3577 0 0 32250
28.9138 0 0 34250
29.4698 0 0 35454
30.0258 0 0 36434
30.5819 0 0 37682
31.1379 0 0 39294
31.6939 0 0 41426
32.25 0 0 42066
32.806 0 0 43490
33.362 0 0 45702
33.9181 0 0 46634
34.4741 0 0 48554
35.0301 0 0 48870
35.5862 0 0 50963
36.1422 0 0 51576
36.6983 0 0 49316
37.2543 0 0 49344
37.8103 0 0 47192
38.3664 0 0 47576
38.9224 0 0 45348
39.4784 0 0 44060
40.0345 0 0 43872
40.5905 0 0 41756
41.1465 0 0 41528
41.7026 0 0 39300
42.2586 0 0 38276
42.8146 0 0 36900
43.3707 0 0 34724
43.9267 0 0 33960
44.4827 0 0 32144
45.0388 0 0 30704
45.5948 0 0 28896
46.1508 0 0 26924
46.7069 0 0 25656
47.2629 0 0 23228
47.8189 0 0 21816
48.375 0 0 19472
48.931 0 0 17696
49.487 0 0 15588
50.0431 0 0 13760
50.5991 0 0 11565
51.1551 0 0 10016
51.7112 0 0 8652
52.2672 0 0 7652
52.8232 0 0 6542
53.3793 0 0 5478
53.9353 0 0 4886
54.4913 0 0 4068
55.0474 0 0 3326
55.6034 0 0 2696
56.1594 0 0 2304
56.7155 0 0 1934
57.2715 0 0 1344
57.8275 0 0 848
58.3836 0 0 888
58.9396 0 0 584
59.4956 0 0 344
60.0517 0 0 102
60.6077 0 0 104
61.1638 0 0 25


