1    1    0.176776695297956    1    0.03125    0    0
1.09999999999999    1.18011547267569    3.51596064187563    1.39267252884276    12.3619792346635    0    0
1.19999999999998    1.73849933551195    7.91922668701935    3.02237993973438    62.7141513190407    1.26048996264478e-05    0
1.29999999999997    2.83601643339148    14.4736181981892    8.04298921114557    209.485623758774    2.6058397269678e-05    0.000108716524287058
1.39999999999996    4.7236216600924    23.6182565370855    22.3126015880402    557.822041837228    1.86057704169258e-05    0
1.49999999999994    7.52532596140363    31.2841066029616    56.630530822652    978.695325854547    0    0
1.59999999999993    10.4232132820997    22.2264967782693    108.643375128541    494.01715899141    6.6342467916996e-05    0
1.69999999999992    11.1252098168875    -9.95820485428115    123.770293474316    99.165843924354    6.74309024636137e-05    6.72712396097158e-05
1.79999999999991    8.86078900972488    -30.6530107020435    78.5135818719871    939.6070650113    0    0
1.8999999999999    5.8193445918689    -27.6630875170311    33.8647714799388    765.246411009347    3.20166868331766e-05    0.000185541889391558
1.99999999999989    3.52952516363685    -18.1142621191001    12.4575478810036    328.126492141959    1.60574414511764e-05    0.000149984273215944
2.09999999999988    2.12764618732044    -10.3932142931645    4.52687829841692    108.018903351492    0    8.86137286355526e-05
2.19999999999987    1.36528783947502    -5.20203450268376    1.86401088479668    27.0611629687903    1.33531711919786e-05    4.09627146497873e-05
2.29999999999986    1.03642409941237    -1.53831142944426    1.07417491375305    2.36640205413172    0    1.31482721404831e-05
2.39999999999985    1.04189278296651    1.6504451381047    1.08554057120729    2.7239691539947    3.09574155534723e-06    1.00627662958655e-05
2.49999999999983    1.38338179872729    5.34842976728213    1.91374520107265    28.6057009751671    4.7643059197223e-06    0
2.59999999999982    2.16366974823048    10.6117804001961    4.6814667793746    112.60988325568    0    0
2.69999999999981    3.59219543430041    18.4276669515003    12.903868038136    339.578909275281    0    0
2.7999999999998    5.91474424473294    27.9606856629236    34.9841994787967    781.79994273209    0    0
2.89999999999979    8.96553729689299    30.416850975084    80.3808590197819    925.184823221265    0    0
2.99999999999978    11.1574023741216    8.80910763550847    124.487627745124    77.6003773393795    8.40775742079038e-05    7.35246765342219e-05
3.09999999999977    10.3456234955471    -23.007331481115    107.03192550164    529.337301861403    0    0
3.19999999999976    7.41819159462598    -31.179414695468    55.0295665306781    972.155900713823    0    0
3.29999999999975    4.64318809673646    -23.2803882739369    21.5591957040677    541.976478231261    4.89135233680677e-05    0.000214479497061177
3.39999999999974    2.7868355084997    -14.2031470845168    7.76645215219195    201.729387109238    2.7516816401462e-05    6.94305592836015e-05
3.49999999999972    1.71164609304714    -7.73868674562484    2.92973234777501    59.8872725477251    0    2.85583985442956e-05
3.59999999999971    1.16827206215496    -3.38985739921219    1.36485961109904    11.4911331866471    0    0
3.6999999999997    0.999578918283058    -0.068753582610009    0.999158013831027    0.00472705512148877    0    0
