1    0
1.09999999999999    9.32152277588472e-08
1.19999999999998    4.41795327876804e-07
1.29999999999997    1.14674068063536e-06
1.39999999999996    5.92997403403572e-07
1.49999999999994    8.72248800432018e-06
1.59999999999993    6.40471538226883e-06
1.69999999999992    6.64069617850593e-06
1.79999999999991    1.32727469870364e-05
1.8999999999999    1.85383034156938e-06
1.99999999999989    1.34514692695653e-06
2.09999999999988    7.10090136912811e-07
2.19999999999987    2.00360381841236e-07
2.29999999999986    1.79128025745712e-08
2.39999999999985    2.05994938884402e-08
2.49999999999983    2.1138583128355e-07
2.59999999999982    7.34759028508947e-07
2.69999999999981    1.34501928505948e-06
2.7999999999998    2.15391072433402e-06
2.89999999999979    1.33945896266807e-05
2.99999999999978    7.46260015582756e-06
3.09999999999977    7.35171448129623e-06
3.19999999999976    8.24377096830808e-06
3.29999999999975    7.01002414338348e-07
3.39999999999974    1.12166006771552e-06
3.49999999999972    4.23568091711957e-07
3.59999999999971    8.67159384299043e-08
3.6999999999997    2.49798848273031e-10
