1    1    1    1
1.1    1.1    1    0.909090909090909
1.2    1.2    1    0.833333333333333
1.3    1.3    1    0.769230769230769
1.4    1.4    1    0.714285714285714
1.5    1.5    1    0.666666666666667
1.6    1.6    1    0.625
1.7    1.7    1    0.588235294117647
1.8    1.8    1    0.555555555555555
1.9    1.9    1    0.526315789473684
2    2    1    0.5
2.1    2.1    1    0.476190476190476
2.2    2.2    1    0.454545454545455
2.29999999999999    2.29999999999999    1    0.434782608695653
2.39999999999999    2.39999999999999    1    0.416666666666668
2.49999999999999    2.49999999999999    1    0.400000000000002
2.59999999999999    2.59999999999999    1    0.384615384615386
2.69999999999999    2.69999999999999    1    0.370370370370372
2.79999999999998    2.79999999999998    1    0.357142857142859
2.89999999999998    2.89999999999998    1    0.344827586206899
2.99999999999998    2.99999999999998    1    0.333333333333336
3.09999999999998    3.09999999999998    1    0.322580645161293
3.19999999999998    3.19999999999998    1    0.312500000000002
3.29999999999997    3.29999999999997    1    0.303030303030305
3.39999999999997    3.39999999999997    1    0.294117647058826
3.49999999999997    3.49999999999997    1    0.285714285714288
3.59999999999997    3.59999999999997    1    0.27777777777778
3.69999999999996    3.69999999999996    1    0.270270270270273
3.79999999999996    3.79999999999996    1    0.263157894736845
3.89999999999996    3.89999999999996    1    0.256410256410259
3.99999999999996    3.99999999999996    1    0.250000000000003
4.09999999999996    4.09999999999996    1    0.243902439024393
4.19999999999995    4.19999999999995    1    0.238095238095241
4.29999999999995    4.29999999999995    1    0.232558139534886
4.39999999999995    4.39999999999995    1    0.22727272727273
4.49999999999995    4.49999999999995    1    0.222222222222225
4.59999999999995    4.59999999999995    1    0.217391304347829
4.69999999999994    4.69999999999994    1    0.212765957446811
4.79999999999994    4.79999999999994    1    0.208333333333336
4.89999999999994    4.89999999999994    1    0.204081632653064
4.99999999999994    4.99999999999994    1    0.200000000000003
5.09999999999993    5.09999999999993    1    0.196078431372552
5.19999999999993    5.19999999999993    1    0.192307692307695
5.29999999999993    5.29999999999993    1    0.188679245283021
5.39999999999993    5.39999999999993    1    0.185185185185188
5.49999999999993    5.49999999999993    1    0.181818181818184
5.59999999999992    5.59999999999992    1    0.178571428571431
5.69999999999992    5.69999999999992    1    0.17543859649123
5.79999999999992    5.79999999999992    1    0.172413793103451
5.89999999999992    5.89999999999992    1    0.169491525423731
5.99999999999992    5.99999999999992    1    0.166666666666669
6.09999999999991    6.09999999999991    1    0.163934426229511
6.19999999999991    6.19999999999991    1    0.161290322580647
6.29999999999991    6.29999999999991    1    0.158730158730161
6.39999999999991    6.39999999999991    1    0.156250000000002
6.4999999999999    6.4999999999999    1    0.153846153846156
6.5999999999999    6.5999999999999    1    0.151515151515154
6.6999999999999    6.6999999999999    1    0.149253731343286
6.7999999999999    6.7999999999999    1    0.147058823529414
6.8999999999999    6.8999999999999    1    0.144927536231886
6.99999999999989    6.99999999999989    1    0.142857142857145
7.09999999999989    7.09999999999989    1    0.140845070422537
7.19999999999989    7.19999999999989    1    0.138888888888891
7.29999999999989    7.29999999999989    1    0.136986301369865
7.39999999999989    7.39999999999989    1    0.135135135135137
7.49999999999988    7.49999999999988    1    0.133333333333335
7.59999999999988    7.59999999999988    1    0.131578947368423
7.69999999999988    7.69999999999988    1    0.129870129870132
7.79999999999988    7.79999999999988    1    0.12820512820513
7.89999999999988    7.89999999999988    1    0.126582278481015
7.99999999999987    7.99999999999987    1    0.125000000000002
8.09999999999987    8.09999999999987    1    0.123456790123459
8.19999999999987    8.19999999999987    1    0.121951219512197
8.29999999999987    8.29999999999987    1    0.120481927710845
8.39999999999987    8.39999999999987    1    0.119047619047621
8.49999999999986    8.49999999999986    1    0.117647058823531
8.59999999999986    8.59999999999986    1    0.116279069767444
8.69999999999986    8.69999999999986    1    0.114942528735634
8.79999999999986    8.79999999999986    1    0.113636363636365
8.89999999999985    8.89999999999985    1    0.1123595505618
8.99999999999985    8.99999999999985    1    0.111111111111113
9.09999999999985    9.09999999999985    1    0.109890109890112
9.19999999999985    9.19999999999985    1    0.108695652173915
9.29999999999985    9.29999999999985    1    0.107526881720432
9.39999999999984    9.39999999999984    1    0.106382978723406
9.49999999999984    9.49999999999984    1    0.105263157894739
9.59999999999984    9.59999999999984    1    0.104166666666668
9.69999999999984    9.69999999999984    1    0.103092783505156
9.79999999999984    9.79999999999984    1    0.102040816326532
9.89999999999983    9.89999999999983    1    0.101010101010103
9.99999999999983    9.99999999999983    1    0.100000000000002
