1    0.015625    0    496.125    496.140625
1.09999999999999    6.18098961733173    0    489.95968163053    496.140671247861
1.19999999999998    31.3570756595204    0    464.78376853309    496.14084419261
1.29999999999997    104.742811879387    0    391.398382065251    496.141193944638
1.39999999999996    278.911020918614    0    217.229898291489    496.140919210102
1.49999999999994    489.347662927274    0    6.78863449207634    496.13629741935
1.59999999999993    247.008579495705    0    249.128867864802    496.137447360507
1.69999999999992    49.582921962177    0    446.560997756975    496.143919719152
1.79999999999991    469.80353250565    0    26.3305073453644    496.134039851014
1.8999999999999    382.623205504673    0    113.516499734782    496.139705239456
1.99999999999989    164.06324607098    0    332.078046311057    496.141292382037
2.09999999999988    54.0094516757459    0    442.131525628819    496.140977304564
2.19999999999987    13.5305814843951    0    482.61014292253    496.140724406925
2.29999999999986    1.18320102706586    0    494.957432860203    496.140633887269
2.39999999999985    1.36198457699735    0    494.778650643248    496.140635220246
2.49999999999983    14.3028504875836    0    481.837879389515    496.140729877098
2.59999999999982    56.3049416278402    0    439.836047915963    496.140989543804
2.69999999999981    169.78945463764    0    326.351837681068    496.141292318709
2.7999999999998    390.899971366045    0    105.239584991342    496.139556357387
2.89999999999979    462.592411610632    0    33.5415677892985    496.133979399931
2.99999999999978    38.8001886696898    0    457.344138829416    496.144327499105
3.09999999999977    264.668650930702    0    231.468326585081    496.136977515782
3.19999999999976    486.077950356912    0    10.0585845734077    496.136534930319
3.29999999999975    270.98823911563    0    225.152733680146    496.140972795776
3.39999999999974    100.864693554619    0    395.276487946508    496.141181501127
3.49999999999972    29.9436362738626    0    466.197198875475    496.140835149338
3.59999999999971    5.74556659332353    0    490.395101429976    496.1406680233
3.6999999999997    0.00236352756074439    0    496.138261348504    496.140624876065
